383
384
4842
4843
4846
2628
113451
57571
435
141
57038
5917
4942
95
4953
5009
445
23564
23576
5160
5161
5162
197257
5313
5315
1738
1737
4200
10873
4199
10993
2875
84706
5091
189
64902
81889
160287
3939
3945
3948
92483
1491
80896
4357
7263
56267
883
1610
51540
2746
2747
217
219
223
224
501
3417
3418
56954
79944
2805
2806
4967
55526
55753
6898
3419
3420
3421
10157
18
586
587
283208
5033
8974
51166
8424
137872
5351
5352
8985
55217
444
55662
29968
5264
26227
1743
22992
84678
27232
23464
10249
2937
51268
1757
211
212
51056
290
6470
6472
2731
275
2617
570
2618
2593
79814
259307
7299
1644
5053
7054
51067
8565
7173
150465
2571
2572
218
220
221
222
51733
55748
84735
2271
158
2184
6389
6390
51380
124975
2678
2686
2687
683
952
11164
53343
56985
11101
7167
2597
26330
51071
7086
8277
84076
226
229
230
6888
8942
16
57505
114770
114771
57115
8993
9054
8801
8802
8803
5019
64064
7915
8659
29920
5831
65263
5625
